HGR_PLOT
# data x and y size
2.80 200
# Axes ticks
11 2
# Labels
START
100  150 1
200  150 2
#
20 80 100
20 120 50
STOP
# number of plots
1
# beginning of plot 1 (Power vs Time)
START
# Color of Plot (Red/Orange)
5
# Data
0.00 106.23
0.01 130.44
0.02 116.88
0.03 89.97
0.04 82.34
0.05 82.38
0.06 88.24
0.07 99.76
0.08 121.39
0.09 149.59
0.10 175.27
0.11 180.75
0.12 180.92
0.13 180.80
0.14 180.91
0.15 180.85
0.16 180.93
0.17 180.93
0.18 180.66
0.19 180.76
0.20 180.52
0.21 180.06
0.22 179.65
0.23 179.29
0.24 165.09
0.25 146.9477916667
0.26 138.8456666667
0.27 153.4645
0.28 176.0415
0.29 180.2927083333
0.30 180.2715
0.31 180.1777083333
0.32 180.0732083333
0.33 179.9255416667
0.34 179.833
0.35 179.7327916667
0.36 179.8162083333
0.37 180.0004166667
0.38 179.9738333333
0.39 180.0390833333
0.40 179.964625
0.41 179.092625
0.42 169.0795833333
0.43 148.8443333333
0.44 147.3175416667
0.45 168.312625
0.46 180.3521666667
0.47 180.4505833333
0.48 180.52425
0.49 180.734125
0.50 180.5145416667
0.51 180.6507916667
0.52 180.77425
0.53 180.5107916667
0.54 180.595
0.55 180.614125
0.56 180.5770416667
0.57 180.6089583333
0.58 165.8329583333
0.59 144.0197916667
0.60 138.9171666667
0.61 157.1661666667
0.62 177.0763333333
0.63 180.7908333333
0.64 180.9065416667
0.65 180.7474583333
0.66 180.6020416667
0.67 180.72075
0.68 180.801625
0.69 180.7150833333
0.70 180.7369166667
0.71 180.7910416667
0.72 180.7439583333
0.73 180.8274166667
0.74 163.9946666667
0.75 138.0303333333
0.76 135.7622083333
0.77 158.9653333333
0.78 178.1899166667
0.79 181.0055833333
0.80 180.994375
0.81 181.0330416667
0.82 181.0287916667
0.83 181.16575
0.84 181.1472083333
0.85 181.1257083333
0.86 181.0949583333
0.87 180.9674166667
0.88 181.0205416667
0.89 168.3649166667
0.90 133.3982916667
0.91 129.0806666667
0.92 163.33025
0.93 180.3478333333
0.94 180.8802916667
0.95 180.8951666667
0.96 181.1819166667
0.97 181.126
0.98 180.987625
0.99 181.01225
1.00 180.938125
1.01 180.7119583333
1.02 180.8285416667
1.03 170.0087083333
1.04 136.67075
1.05 129.3825833333
1.06 162.2675833333
1.07 180.5966666667
1.08 181.1032916667
1.09 181.0263333333
1.10 180.9222916667
1.11 180.9213333333
1.12 181.075625
1.13 181.18325
1.14 181.14875
1.15 181.3444583333
1.16 175.8551666667
1.17 159.0545416667
1.18 149.4005
1.19 159.2507916667
1.20 174.360375
1.21 181.0067916667
1.22 180.9665416667
1.23 180.9615833333
1.24 180.9700833333
1.25 181.140375
1.26 181.0709583333
1.27 180.9315833333
1.28 181.0590416667
1.29 168.3608333333
1.30 134.4509583333
1.31 133.750125
1.32 166.4537916667
1.33 179.5923333333
1.34 180.6927916667
1.35 180.9337916667
1.36 180.840125
1.37 180.9850416667
1.38 181.1865
1.39 181.1295416667
1.40 181.0097083333
1.41 170.3075833333
1.42 134.4346666667
1.43 132.585125
1.44 162.7280416667
1.45 174.4340833333
1.46 180.3101666667
1.47 181.1524166667
1.48 181.2479583333
1.49 181.1556666667
1.50 181.1957083333
1.51 181.2130416667
1.52 173.9632083333
1.53 154.3287083333
1.54 143.4225
1.55 160.8910416667
1.56 178.8505416667
1.57 181.05
1.58 181.0777083333
1.59 181.1575416667
1.60 181.2170416667
1.61 181.098625
1.62 176.2724166667
1.63 163.2100416667
1.64 152.9699166667
1.65 160.3059583333
1.66 173.7069166667
1.67 179.40775
1.68 181.0633333333
1.69 181.1429166667
1.70 181.1234583333
1.71 181.11575
1.72 174.3099166667
1.73 149.9944583333
1.74 145.9777916667
1.75 165.9852083333
1.76 175.5205833333
1.77 179.84425
1.78 181.0356666667
1.79 181.1161666667
1.80 181.222375
1.81 177.0412083333
1.82 162.5613333333
1.83 150.4110833333
1.84 159.6554583333
1.85 173.560125
1.86 178.8115833333
1.87 180.9945833333
1.88 180.8563333333
1.89 181.0433333333
1.90 170.3904166667
1.91 155.0102083333
1.92 148.4739166667
1.93 161.08725
1.94 178.3470833333
1.95 181.0603333333
1.96 181.2433333333
1.97 181.2370416667
1.98 169.612375
1.99 157.7092083333
2.00 151.7397083333
2.01 161.476125
2.02 178.9244583333
2.03 181.0915833333
2.04 181.1120833333
2.05 172.1201666667
2.06 160.048
2.07 157.4712916667
2.08 167.345
2.09 176.8332083333
2.10 179.07575
2.11 181.20725
2.12 174.2824583333
2.13 156.94725
2.14 148.7504166667
2.15 162.08275
2.16 177.2663333333
2.17 181.1596666667
2.18 177.1357083333
2.19 163.4790416667
2.20 157.2407083333
2.21 166.7077083333
2.22 176.6627083333
2.23 180.9955
2.24 177.0407916667
2.25 158.9816666667
2.26 148.2209583333
2.27 162.079875
2.28 177.0773333333
2.29 180.1394166667
2.30 166.333625
2.31 153.156875
2.32 162.7287916667
2.33 176.015125
2.34 178.7194583333
2.35 167.0614166667
2.36 154.5390833333
2.37 163.4937083333
2.38 173.1997916667
2.39 169.0075833333
2.40 160.0645
2.41 163.917
2.42 171.6304166667
2.43 164.32
2.44 156.02
2.45 164.49
2.46 171.21
2.47 164.11
2.48 164.04
2.49 169.98
2.50 168.74
2.51 164.62
2.52 163.49
2.53 161.46
2.54 157.08
2.55 159.35
2.56 167.86
2.57 160.43
2.58 153.38
2.59 155.20
2.60 158.71
2.61 154.84
2.62 146.09
2.63 151.29
2.64 153.93
2.65 137.72
2.66 122.18
2.67 117.74
STOP
%c%MAGMA LU 10,000, Nvidia Fermi C2075
